Solution for test case: 00Uncorrelated/n00050
Run time: 0.0005176067352294922 sec
Capacity: 12044 
Total value: 21334
Total weight: 12015
Number of items: 31 
Packed items: [0, 1, 2, 5, 6, 7, 8, 9, 11, 12, 13, 14, 17, 18, 20, 22, 25, 26, 27, 32, 35, 37, 38, 39, 40, 41, 42, 43, 45, 46, 48]
Packed_weights: [881, 526, 117, 197, 484, 139, 210, 866, 13, 779, 18, 333, 307, 378, 127, 54, 398, 981, 246, 448, 517, 706, 410, 86, 747, 266, 488, 785, 22, 124, 362]
-------------------------
Solution for test case: 00Uncorrelated/n00100
Run time: 0.0 sec
Capacity: 25981 
Total value: 41490
Total weight: 25946
Number of items: 63 
Packed items: [0, 1, 2, 5, 6, 7, 8, 9, 10, 11, 12, 13, 14, 17, 18, 19, 20, 21, 22, 25, 26, 27, 28, 30, 32, 35, 36, 37, 38, 39, 40, 41, 42, 43, 45, 46, 48, 50, 51, 52, 53, 58, 59, 60, 62, 65, 66, 68, 71, 73, 74, 76, 78, 79, 81, 83, 84, 85, 87, 88, 90, 92, 93]
Packed_weights: [452, 928, 255, 613, 268, 475, 479, 143, 378, 306, 805, 324, 660, 377, 604, 321, 399, 488, 794, 7, 450, 58, 31, 113, 363, 63, 193, 948, 614, 423, 783, 814, 492, 469, 362, 145, 607, 629, 98, 106, 646, 128, 833, 84, 912, 452, 694, 138, 441, 448, 277, 64, 979, 287, 84, 280, 967, 431, 32, 86, 639, 33, 174]
-------------------------
Solution for test case: 00Uncorrelated/n00200
Run time: 0.0 sec
Capacity: 48915 
Total value: 85469
Total weight: 48890
Number of items: 127 
Packed items: [0, 1, 3, 5, 6, 7, 8, 9, 10, 11, 12, 13, 14, 15, 17, 18, 20, 21, 22, 23, 25, 26, 30, 32, 35, 37, 38, 39, 40, 42, 43, 45, 46, 48, 50, 51, 52, 53, 55, 59, 60, 62, 64, 65, 67, 71, 73, 74, 75, 76, 78, 79, 80, 81, 83, 87, 88, 90, 92, 93, 94, 97, 99, 100, 101, 102, 103, 104, 105, 107, 108, 110, 112, 114, 115, 116, 117, 118, 120, 121, 122, 123, 126, 129, 131, 133, 134, 137, 140, 141, 142, 143, 147, 148, 149, 150, 153, 154, 155, 157, 159, 161, 162, 163, 164, 166, 167, 169, 170, 171, 172, 175, 177, 178, 180, 182, 183, 184, 185, 186, 189, 190, 194, 196, 197, 198, 199]
Packed_weights: [344, 78, 115, 465, 495, 76, 74, 521, 31, 526, 151, 282, 152, 569, 224, 222, 911, 420, 164, 317, 573, 787, 382, 398, 663, 646, 806, 373, 667, 165, 626, 62, 40, 115, 101, 368, 33, 543, 226, 472, 725, 169, 121, 113, 51, 730, 288, 444, 203, 860, 788, 214, 593, 255, 745, 778, 94, 33, 118, 949, 29, 436, 52, 140, 10, 69, 3, 829, 88, 274, 133, 182, 384, 564, 627, 481, 271, 137, 193, 449, 809, 577, 514, 474, 531, 812, 471, 155, 855, 338, 252, 133, 6, 305, 83, 623, 90, 381, 126, 837, 955, 777, 489, 365, 995, 592, 868, 798, 67, 132, 110, 156, 114, 688, 87, 665, 125, 352, 159, 728, 185, 629, 111, 456, 804, 572, 734]
-------------------------
Solution for test case: 00Uncorrelated/n00500
Run time: 0.0010302066802978516 sec
Capacity: 117473 
Total value: 205755
Total weight: 117473
Number of items: 317 
Packed items: [0, 1, 2, 5, 6, 7, 9, 10, 11, 12, 13, 14, 15, 18, 19, 20, 21, 22, 23, 24, 25, 26, 30, 32, 33, 35, 36, 37, 38, 39, 40, 41, 42, 43, 44, 45, 46, 48, 50, 51, 53, 54, 55, 57, 58, 59, 60, 62, 64, 65, 66, 68, 70, 71, 73, 74, 75, 76, 78, 79, 80, 81, 82, 83, 84, 85, 86, 87, 90, 92, 93, 96, 101, 104, 105, 108, 109, 111, 112, 114, 115, 116, 120, 122, 123, 126, 129, 131, 132, 133, 134, 137, 138, 139, 141, 142, 143, 145, 147, 148, 150, 154, 155, 156, 159, 161, 162, 163, 164, 165, 166, 167, 169, 170, 171, 172, 173, 174, 175, 177, 178, 179, 180, 182, 184, 185, 186, 189, 190, 191, 194, 196, 197, 198, 199, 200, 202, 204, 205, 206, 209, 211, 215, 216, 218, 220, 225, 226, 227, 229, 230, 231, 233, 234, 235, 236, 237, 238, 241, 243, 247, 249, 251, 253, 254, 256, 257, 258, 259, 260, 261, 263, 265, 266, 268, 269, 270, 271, 272, 273, 274, 276, 277, 278, 280, 282, 283, 284, 285, 286, 287, 289, 291, 293, 295, 296, 298, 300, 304, 305, 306, 311, 312, 313, 315, 316, 319, 322, 323, 324, 325, 328, 329, 330, 332, 333, 335, 336, 338, 339, 340, 341, 345, 346, 348, 350, 351, 352, 354, 356, 357, 359, 360, 361, 364, 365, 366, 367, 368, 369, 371, 372, 373, 378, 379, 381, 382, 385, 386, 387, 391, 395, 397, 399, 400, 402, 405, 407, 410, 411, 412, 413, 415, 416, 417, 419, 420, 421, 423, 424, 426, 428, 429, 430, 431, 433, 434, 435, 436, 437, 439, 440, 442, 443, 444, 445, 446, 447, 450, 452, 453, 458, 459, 463, 464, 466, 469, 470, 471, 472, 473, 475, 476, 477, 482, 484, 486, 487, 488, 489, 491, 492, 493, 496, 497, 498, 499]
Packed_weights: [278, 650, 319, 79, 112, 439, 177, 264, 2, 266, 310, 389, 594, 741, 283, 496, 727, 894, 241, 16, 51, 516, 642, 902, 108, 136, 119, 399, 489, 70, 276, 176, 135, 99, 24, 218, 328, 695, 488, 323, 193, 178, 113, 140, 223, 352, 564, 593, 193, 913, 738, 397, 120, 645, 364, 499, 254, 910, 361, 713, 373, 905, 412, 590, 305, 590, 473, 105, 576, 469, 328, 12, 640, 516, 352, 481, 71, 115, 347, 613, 537, 830, 265, 361, 946, 176, 16, 7, 45, 31, 645, 935, 471, 206, 111, 50, 223, 418, 370, 371, 638, 562, 502, 201, 919, 639, 25, 915, 855, 77, 82, 676, 194, 991, 99, 569, 482, 331, 669, 768, 771, 10, 327, 297, 30, 106, 512, 414, 595, 655, 434, 864, 899, 944, 672, 200, 283, 401, 33, 439, 432, 653, 359, 409, 154, 596, 8, 66, 535, 13, 212, 306, 837, 41, 389, 351, 138, 291, 271, 130, 599, 579, 243, 209, 70, 28, 354, 317, 202, 857, 755, 564, 60, 656, 606, 524, 249, 169, 177, 358, 286, 161, 127, 799, 115, 40, 374, 406, 519, 239, 928, 328, 381, 597, 871, 94, 424, 108, 687, 101, 73, 782, 6, 639, 35, 8, 707, 201, 160, 15, 660, 246, 146, 379, 237, 881, 769, 116, 401, 742, 49, 296, 107, 257, 329, 366, 306, 402, 316, 201, 586, 270, 234, 512, 857, 713, 78, 920, 158, 15, 18, 44, 193, 223, 105, 640, 691, 72, 25, 364, 908, 53, 916, 470, 642, 995, 960, 1, 2, 298, 129, 4, 373, 114, 723, 347, 407, 323, 192, 813, 430, 919, 242, 416, 262, 22, 682, 814, 318, 440, 55, 275, 248, 250, 530, 273, 157, 53, 242, 521, 538, 149, 245, 382, 632, 454, 735, 165, 142, 156, 179, 246, 655, 14, 33, 121, 9, 314, 551, 472, 68, 889, 18, 17, 56, 119, 92]
-------------------------
Solution for test case: 00Uncorrelated/n01000
Run time: 0.003987312316894531 sec
Capacity: 245945 
Total value: 398663
Total weight: 245945
Number of items: 614 
Packed items: [0, 1, 2, 6, 7, 9, 11, 12, 14, 15, 17, 18, 20, 21, 22, 23, 25, 26, 27, 30, 31, 32, 33, 34, 35, 36, 37, 38, 39, 40, 41, 42, 43, 46, 47, 50, 51, 53, 54, 58, 59, 60, 62, 65, 66, 71, 73, 74, 75, 76, 77, 78, 79, 80, 81, 82, 83, 84, 86, 87, 88, 90, 91, 93, 94, 97, 98, 101, 102, 104, 105, 107, 108, 112, 114, 115, 116, 118, 122, 123, 129, 131, 132, 133, 134, 137, 138, 139, 140, 141, 142, 145, 147, 148, 150, 154, 155, 156, 157, 159, 161, 162, 163, 164, 167, 169, 170, 172, 175, 177, 178, 179, 180, 182, 184, 186, 189, 190, 191, 196, 197, 198, 199, 200, 202, 203, 204, 205, 206, 209, 211, 215, 216, 217, 218, 219, 220, 222, 225, 226, 232, 233, 234, 235, 236, 237, 238, 240, 241, 243, 245, 247, 248, 249, 251, 253, 254, 256, 257, 258, 259, 260, 261, 266, 268, 269, 271, 276, 277, 278, 279, 280, 281, 282, 283, 284, 285, 286, 287, 289, 293, 295, 296, 298, 304, 306, 309, 311, 312, 313, 314, 315, 316, 319, 320, 321, 322, 323, 324, 325, 326, 328, 329, 330, 331, 332, 333, 335, 336, 337, 338, 339, 340, 341, 344, 345, 346, 350, 351, 352, 356, 357, 358, 359, 360, 361, 362, 364, 365, 366, 367, 368, 369, 371, 373, 374, 375, 376, 377, 378, 379, 381, 384, 386, 387, 388, 391, 392, 396, 397, 398, 399, 400, 401, 402, 403, 405, 407, 408, 411, 413, 414, 415, 416, 417, 419, 423, 424, 425, 426, 428, 429, 430, 433, 434, 435, 436, 437, 439, 440, 442, 443, 444, 445, 446, 448, 449, 450, 452, 459, 462, 463, 464, 465, 466, 467, 469, 471, 473, 476, 477, 478, 481, 482, 483, 485, 486, 489, 492, 493, 496, 497, 498, 500, 501, 503, 504, 507, 508, 509, 516, 517, 518, 519, 521, 522, 526, 527, 529, 530, 531, 532, 534, 537, 538, 547, 548, 549, 550, 551, 554, 559, 560, 561, 562, 563, 565, 566, 571, 572, 573, 574, 576, 577, 578, 579, 580, 581, 585, 586, 588, 590, 591, 592, 595, 597, 598, 600, 601, 602, 603, 604, 605, 606, 607, 610, 614, 615, 616, 618, 619, 621, 622, 623, 624, 625, 627, 630, 634, 635, 636, 637, 638, 640, 643, 644, 645, 646, 647, 649, 650, 651, 652, 653, 654, 655, 657, 658, 659, 660, 661, 663, 664, 667, 669, 670, 672, 673, 675, 676, 677, 678, 686, 687, 689, 690, 692, 693, 694, 695, 696, 697, 698, 699, 701, 704, 706, 707, 709, 710, 712, 713, 714, 717, 719, 720, 721, 723, 724, 727, 728, 732, 733, 737, 739, 740, 741, 742, 744, 746, 747, 748, 750, 752, 754, 755, 757, 758, 759, 760, 761, 762, 764, 766, 767, 768, 769, 775, 778, 781, 785, 786, 787, 789, 790, 791, 792, 793, 795, 797, 798, 799, 801, 803, 805, 806, 807, 809, 810, 811, 813, 814, 817, 818, 819, 820, 821, 825, 826, 827, 828, 830, 831, 833, 834, 835, 836, 837, 838, 839, 841, 842, 843, 844, 845, 846, 847, 848, 849, 850, 852, 853, 854, 855, 857, 858, 860, 862, 863, 864, 865, 867, 870, 874, 876, 877, 880, 881, 882, 883, 884, 888, 889, 890, 891, 892, 893, 896, 897, 898, 899, 900, 901, 902, 903, 904, 905, 906, 908, 911, 912, 914, 917, 918, 919, 921, 922, 923, 924, 925, 926, 927, 928, 930, 935, 937, 938, 941, 948, 949, 952, 953, 954, 957, 961, 962, 965, 966, 967, 969, 974, 975, 976, 978, 979, 980, 981, 983, 985, 990, 991, 992, 994, 995]
Packed_weights: [167, 216, 524, 594, 512, 618, 830, 359, 622, 22, 686, 699, 773, 727, 907, 257, 890, 811, 230, 849, 214, 42, 549, 82, 523, 120, 125, 878, 621, 63, 537, 293, 451, 26, 11, 831, 634, 634, 407, 241, 426, 372, 940, 276, 372, 297, 252, 21, 331, 968, 14, 859, 699, 664, 613, 201, 480, 998, 424, 447, 424, 371, 209, 27, 149, 685, 141, 870, 232, 997, 154, 198, 45, 182, 304, 788, 543, 498, 496, 847, 425, 258, 224, 501, 106, 472, 452, 559, 778, 880, 433, 204, 285, 310, 551, 249, 721, 334, 714, 981, 282, 848, 120, 815, 389, 482, 85, 159, 671, 948, 683, 54, 566, 804, 538, 788, 393, 15, 650, 464, 193, 456, 677, 172, 621, 9, 500, 26, 565, 420, 44, 555, 490, 105, 59, 281, 996, 87, 232, 688, 301, 500, 193, 777, 910, 713, 343, 395, 183, 250, 19, 425, 21, 840, 134, 476, 450, 170, 887, 107, 74, 469, 692, 882, 190, 254, 339, 703, 845, 625, 116, 61, 134, 760, 155, 12, 303, 266, 822, 2, 956, 71, 302, 982, 678, 25, 306, 896, 69, 64, 450, 60, 158, 894, 227, 209, 566, 433, 99, 88, 674, 211, 180, 111, 379, 886, 726, 751, 450, 13, 114, 50, 935, 414, 145, 620, 167, 342, 680, 321, 97, 785, 438, 229, 242, 783, 202, 173, 390, 588, 215, 29, 424, 60, 321, 701, 70, 111, 40, 802, 646, 648, 3, 194, 171, 91, 164, 336, 248, 650, 4, 406, 457, 235, 347, 29, 122, 201, 507, 688, 571, 28, 811, 243, 810, 237, 267, 197, 71, 27, 225, 899, 313, 157, 64, 997, 138, 569, 338, 159, 479, 457, 162, 145, 416, 712, 560, 399, 706, 299, 495, 721, 761, 292, 699, 758, 567, 48, 369, 206, 4, 530, 272, 827, 388, 789, 795, 913, 228, 95, 636, 12, 190, 162, 855, 754, 122, 44, 409, 79, 839, 92, 780, 335, 337, 272, 443, 428, 984, 443, 804, 708, 171, 308, 501, 255, 693, 664, 41, 109, 2, 309, 362, 561, 93, 308, 379, 647, 559, 369, 159, 14, 757, 326, 446, 126, 252, 891, 209, 581, 301, 714, 730, 266, 157, 525, 186, 190, 657, 87, 618, 308, 250, 472, 256, 274, 97, 222, 173, 310, 804, 889, 443, 352, 305, 472, 283, 157, 40, 359, 436, 311, 597, 923, 56, 667, 481, 239, 18, 149, 133, 264, 184, 593, 485, 242, 819, 502, 955, 758, 259, 221, 143, 215, 83, 691, 144, 601, 333, 324, 153, 646, 542, 121, 328, 19, 25, 190, 264, 871, 264, 957, 628, 408, 504, 135, 56, 87, 191, 280, 87, 326, 334, 315, 844, 591, 598, 238, 437, 22, 288, 391, 381, 95, 485, 119, 232, 49, 321, 192, 612, 588, 603, 542, 30, 414, 14, 132, 97, 812, 58, 279, 904, 492, 219, 605, 45, 740, 652, 244, 3, 323, 682, 228, 260, 253, 277, 604, 423, 377, 402, 114, 307, 261, 89, 34, 188, 115, 225, 852, 688, 308, 826, 546, 135, 366, 457, 80, 534, 225, 250, 145, 822, 978, 796, 748, 107, 665, 348, 411, 387, 631, 244, 8, 104, 200, 370, 154, 596, 463, 245, 358, 397, 941, 170, 756, 131, 211, 642, 70, 468, 332, 575, 44, 758, 915, 183, 215, 671, 89, 173, 321, 671, 441, 404, 744, 592, 234, 260, 393, 282, 341, 658, 374, 903, 258, 136, 996, 874, 137, 75, 441, 643, 113, 140, 403, 543, 206, 963, 425, 400, 397, 23, 356, 352, 119, 585, 649, 106, 448, 376, 113, 443, 798, 440, 463, 21, 418, 382, 42, 611, 246, 499, 235, 935, 911, 741, 866, 994, 93, 52, 169, 672, 111]
-------------------------
Solution for test case: 01WeaklyCorrelated/n00050
Run time: 0.0 sec
Capacity: 13327 
Total value: 14539
Total weight: 13306
Number of items: 27 
Packed items: [0, 1, 3, 4, 6, 9, 10, 12, 15, 16, 21, 24, 26, 28, 29, 30, 31, 33, 34, 35, 36, 37, 40, 42, 43, 44, 47]
Packed_weights: [794, 822, 262, 1, 471, 771, 273, 730, 683, 193, 686, 94, 805, 94, 198, 635, 292, 589, 201, 656, 361, 933, 645, 806, 977, 29, 305]
-------------------------
Solution for test case: 01WeaklyCorrelated/n00100
Run time: 0.0010001659393310547 sec
Capacity: 25372 
Total value: 28351
Total weight: 25367
Number of items: 52 
Packed items: [1, 4, 5, 7, 12, 14, 15, 16, 18, 22, 23, 29, 31, 33, 34, 37, 38, 40, 41, 47, 48, 50, 53, 54, 55, 56, 57, 59, 61, 62, 63, 64, 66, 67, 69, 70, 71, 72, 75, 77, 78, 80, 82, 84, 86, 89, 90, 91, 96, 97, 98, 99]
Packed_weights: [822, 1, 663, 760, 730, 539, 683, 193, 806, 845, 336, 198, 292, 589, 201, 933, 910, 645, 698, 305, 590, 881, 663, 313, 197, 484, 139, 866, 13, 779, 18, 333, 621, 307, 390, 127, 1000, 54, 398, 246, 980, 671, 448, 797, 471, 86, 747, 266, 124, 590, 362, 257]
-------------------------
Solution for test case: 01WeaklyCorrelated/n00200
Run time: 0.000997304916381836 sec
Capacity: 51353 
Total value: 56664
Total weight: 51344
Number of items: 104 
Packed items: [2, 4, 9, 15, 19, 20, 25, 26, 27, 33, 34, 35, 36, 37, 38, 40, 41, 43, 44, 47, 49, 53, 54, 56, 57, 60, 61, 63, 66, 68, 69, 70, 71, 72, 76, 77, 78, 80, 82, 83, 84, 85, 86, 87, 89, 93, 95, 96, 98, 104, 106, 111, 113, 114, 115, 119, 122, 123, 124, 125, 126, 128, 129, 130, 131, 132, 133, 135, 136, 138, 139, 140, 145, 150, 151, 152, 156, 157, 158, 159, 160, 161, 164, 165, 166, 167, 168, 169, 173, 174, 176, 178, 179, 181, 182, 186, 187, 190, 191, 192, 195, 197, 198, 199]
Packed_weights: [486, 1, 771, 683, 266, 804, 801, 805, 446, 589, 201, 656, 361, 933, 910, 645, 698, 977, 29, 305, 90, 663, 313, 484, 139, 699, 13, 18, 621, 378, 390, 127, 1000, 54, 981, 246, 980, 671, 448, 832, 797, 517, 471, 706, 86, 785, 22, 124, 362, 880, 268, 306, 324, 660, 971, 321, 794, 937, 291, 7, 450, 31, 774, 113, 719, 363, 939, 63, 193, 614, 423, 783, 362, 629, 98, 106, 630, 702, 128, 833, 84, 619, 894, 452, 694, 792, 138, 944, 448, 277, 64, 979, 287, 84, 859, 923, 32, 639, 536, 33, 53, 766, 950, 701]
-------------------------
Solution for test case: 01WeaklyCorrelated/n00500
Run time: 0.000997304916381836 sec
Capacity: 124921 
Total value: 137205
Total weight: 124921
Number of items: 249 
Packed items: [1, 3, 4, 8, 15, 16, 17, 18, 20, 21, 22, 26, 27, 29, 30, 31, 32, 34, 38, 48, 49, 50, 52, 56, 60, 61, 62, 63, 65, 66, 69, 71, 72, 74, 76, 79, 81, 83, 85, 88, 90, 91, 95, 97, 98, 100, 101, 102, 103, 104, 107, 110, 113, 114, 115, 116, 117, 118, 119, 121, 123, 124, 125, 127, 128, 130, 134, 135, 137, 138, 140, 144, 149, 150, 153, 154, 155, 157, 158, 159, 160, 161, 163, 164, 167, 168, 170, 172, 175, 176, 177, 178, 181, 183, 186, 187, 190, 191, 192, 193, 195, 196, 197, 198, 199, 201, 210, 211, 213, 219, 220, 221, 222, 223, 224, 227, 232, 233, 239, 240, 242, 244, 246, 247, 248, 249, 250, 252, 255, 260, 261, 263, 264, 266, 267, 268, 269, 275, 278, 281, 285, 287, 288, 290, 292, 293, 294, 295, 297, 299, 301, 303, 304, 307, 309, 310, 311, 313, 314, 317, 318, 319, 320, 321, 325, 326, 327, 331, 333, 334, 335, 337, 339, 342, 344, 347, 349, 353, 355, 357, 358, 361, 362, 363, 364, 365, 367, 370, 374, 376, 377, 381, 382, 384, 388, 389, 390, 391, 392, 393, 396, 397, 398, 400, 401, 402, 403, 404, 405, 406, 408, 414, 417, 422, 424, 427, 428, 434, 435, 438, 441, 444, 448, 449, 451, 452, 453, 454, 457, 461, 462, 464, 465, 467, 469, 474, 476, 478, 479, 480, 481, 483, 485, 488, 489, 490, 492, 494, 495]
Packed_weights: [822, 262, 1, 374, 683, 193, 554, 806, 804, 686, 845, 805, 446, 198, 635, 292, 952, 201, 910, 590, 90, 881, 117, 484, 699, 13, 779, 18, 905, 621, 390, 1000, 54, 747, 981, 893, 890, 832, 517, 410, 747, 266, 22, 590, 362, 452, 928, 255, 411, 880, 475, 378, 324, 660, 971, 924, 377, 604, 321, 488, 937, 291, 7, 58, 31, 113, 854, 63, 948, 614, 783, 101, 145, 629, 646, 463, 900, 702, 128, 833, 84, 619, 908, 894, 792, 138, 909, 779, 713, 64, 801, 979, 84, 280, 923, 32, 639, 536, 33, 174, 53, 994, 766, 950, 701, 78, 31, 526, 282, 565, 911, 420, 164, 317, 241, 569, 398, 998, 373, 667, 165, 385, 40, 759, 115, 712, 101, 33, 226, 725, 865, 662, 121, 984, 51, 920, 751, 203, 788, 255, 709, 778, 94, 33, 118, 949, 29, 922, 436, 52, 10, 3, 829, 274, 420, 182, 978, 594, 564, 271, 137, 889, 193, 449, 810, 514, 120, 531, 812, 471, 842, 155, 870, 252, 371, 6, 83, 90, 126, 837, 520, 777, 489, 365, 995, 842, 868, 67, 720, 506, 114, 981, 665, 352, 176, 185, 629, 860, 739, 458, 456, 804, 572, 972, 626, 912, 274, 2, 883, 30, 456, 102, 833, 20, 839, 13, 995, 706, 795, 438, 346, 453, 747, 662, 4, 879, 496, 537, 14, 59, 728, 883, 218, 595, 876, 221, 547, 656, 88, 430, 585, 609, 639, 644, 837, 253, 971, 427, 371]
-------------------------
Solution for test case: 01WeaklyCorrelated/n01000
Run time: 0.004986286163330078 sec
Capacity: 242395 
Total value: 268724
Total weight: 242395
Number of items: 513 
Packed items: [2, 4, 5, 6, 7, 8, 9, 10, 11, 13, 14, 17, 18, 19, 20, 21, 22, 24, 25, 26, 28, 29, 30, 33, 35, 38, 39, 41, 44, 45, 48, 50, 51, 52, 53, 55, 56, 61, 62, 63, 64, 67, 68, 69, 70, 72, 76, 78, 79, 80, 81, 84, 85, 92, 95, 96, 97, 99, 100, 101, 103, 104, 106, 110, 111, 113, 115, 116, 117, 119, 120, 121, 122, 123, 124, 125, 126, 127, 128, 130, 133, 135, 139, 140, 141, 143, 149, 150, 152, 153, 155, 157, 158, 159, 160, 162, 164, 165, 166, 168, 171, 173, 174, 175, 176, 177, 178, 180, 181, 182, 184, 185, 186, 191, 192, 194, 195, 199, 201, 202, 204, 206, 210, 212, 214, 215, 220, 221, 223, 224, 226, 227, 228, 229, 230, 231, 233, 235, 236, 237, 239, 244, 246, 249, 252, 257, 261, 263, 264, 265, 266, 267, 270, 272, 273, 274, 275, 276, 277, 278, 282, 287, 288, 290, 291, 293, 294, 297, 298, 301, 302, 303, 304, 305, 308, 311, 318, 319, 322, 326, 327, 332, 333, 334, 335, 340, 342, 345, 347, 348, 351, 354, 355, 357, 361, 363, 366, 370, 374, 378, 379, 380, 381, 382, 385, 389, 390, 393, 394, 395, 397, 404, 406, 408, 410, 411, 412, 413, 415, 417, 418, 420, 421, 422, 427, 429, 431, 432, 435, 437, 438, 441, 448, 449, 451, 452, 453, 454, 456, 457, 458, 460, 461, 462, 463, 464, 466, 467, 469, 470, 472, 475, 478, 480, 482, 484, 485, 486, 487, 488, 489, 490, 491, 494, 495, 496, 499, 501, 502, 503, 505, 506, 510, 511, 512, 513, 514, 515, 516, 518, 520, 523, 524, 525, 528, 529, 531, 532, 535, 538, 542, 543, 544, 545, 548, 549, 552, 555, 556, 557, 558, 561, 564, 566, 567, 568, 569, 571, 576, 581, 582, 583, 584, 586, 590, 591, 593, 594, 597, 599, 601, 603, 608, 609, 613, 617, 619, 620, 621, 626, 628, 629, 631, 632, 638, 639, 640, 641, 642, 644, 648, 653, 657, 658, 659, 660, 662, 666, 668, 670, 673, 674, 678, 679, 680, 681, 682, 683, 684, 686, 691, 695, 697, 698, 701, 702, 703, 705, 708, 711, 715, 716, 719, 720, 721, 722, 725, 729, 730, 731, 734, 735, 736, 738, 745, 747, 748, 749, 750, 752, 753, 756, 760, 763, 764, 765, 768, 770, 771, 772, 773, 774, 775, 777, 778, 779, 780, 783, 784, 787, 788, 793, 794, 802, 804, 808, 811, 812, 813, 815, 816, 817, 818, 822, 823, 826, 831, 832, 833, 834, 835, 837, 840, 842, 849, 851, 855, 858, 859, 861, 863, 870, 871, 872, 875, 876, 877, 878, 879, 882, 886, 887, 889, 892, 893, 894, 895, 901, 903, 906, 907, 908, 909, 910, 913, 916, 917, 920, 922, 924, 929, 931, 932, 933, 934, 938, 939, 940, 941, 944, 945, 950, 951, 955, 956, 957, 958, 959, 960, 963, 964, 968, 971, 973, 974, 976, 977, 979, 980, 981, 982, 983, 984, 985, 986, 987, 988, 989, 993, 994, 996, 997, 998]
Packed_weights: [486, 1, 663, 471, 760, 374, 771, 273, 802, 415, 539, 554, 806, 266, 804, 686, 845, 94, 801, 805, 94, 198, 635, 589, 656, 910, 515, 698, 29, 362, 590, 881, 526, 117, 663, 197, 484, 13, 779, 18, 333, 307, 378, 390, 127, 54, 981, 980, 893, 671, 890, 797, 517, 488, 22, 124, 590, 257, 452, 928, 411, 880, 268, 378, 306, 324, 971, 924, 377, 321, 399, 488, 794, 937, 291, 7, 450, 58, 31, 113, 939, 63, 423, 783, 814, 469, 145, 629, 106, 646, 900, 702, 128, 833, 84, 912, 894, 452, 694, 138, 441, 448, 277, 713, 64, 801, 979, 940, 84, 859, 967, 431, 923, 536, 33, 371, 53, 701, 78, 732, 548, 495, 31, 151, 152, 569, 911, 420, 317, 241, 787, 569, 189, 326, 382, 441, 998, 663, 717, 646, 373, 385, 40, 712, 33, 923, 865, 662, 121, 113, 984, 51, 676, 651, 288, 444, 203, 860, 779, 788, 791, 778, 94, 33, 368, 949, 29, 436, 833, 10, 69, 3, 829, 88, 133, 978, 137, 889, 809, 514, 120, 695, 812, 471, 842, 855, 252, 856, 6, 305, 769, 381, 126, 837, 777, 365, 592, 67, 720, 688, 780, 87, 981, 665, 159, 185, 629, 458, 111, 615, 804, 2, 30, 456, 275, 722, 385, 624, 836, 833, 148, 470, 405, 20, 13, 970, 481, 71, 795, 862, 438, 346, 747, 662, 4, 879, 496, 537, 36, 14, 210, 155, 59, 728, 703, 883, 729, 595, 876, 358, 184, 385, 656, 430, 619, 270, 639, 973, 483, 644, 837, 253, 266, 427, 371, 994, 163, 650, 319, 664, 79, 112, 264, 2, 266, 310, 389, 594, 853, 741, 496, 241, 16, 51, 154, 784, 864, 902, 136, 489, 135, 99, 24, 218, 695, 612, 615, 113, 670, 140, 223, 648, 193, 738, 407, 397, 578, 645, 910, 905, 412, 590, 305, 473, 576, 678, 328, 454, 886, 482, 640, 977, 481, 71, 651, 609, 812, 265, 782, 176, 353, 16, 7, 45, 471, 206, 997, 111, 50, 977, 371, 817, 977, 529, 919, 674, 25, 82, 668, 991, 482, 331, 771, 10, 327, 543, 297, 601, 30, 512, 655, 870, 899, 944, 702, 283, 301, 33, 233, 653, 359, 409, 969, 596, 656, 610, 8, 13, 212, 306, 41, 389, 351, 291, 87, 599, 994, 579, 912, 625, 209, 28, 857, 564, 830, 60, 606, 249, 169, 177, 358, 286, 780, 127, 799, 453, 115, 374, 406, 928, 581, 597, 247, 333, 687, 206, 782, 6, 639, 35, 8, 885, 695, 201, 160, 665, 941, 237, 881, 638, 769, 805, 49, 567, 978, 306, 979, 872, 270, 512, 850, 506, 18, 44, 276, 852, 943, 223, 105, 691, 25, 364, 847, 970, 612, 435, 53, 771, 719, 969, 1, 965, 293, 2, 4, 114, 723, 407, 735, 813, 242, 262, 123, 22, 682, 817, 55, 275, 736, 530, 273, 242, 117, 385, 132, 847, 149, 245, 220, 382, 632, 316, 142, 179, 963, 655, 14, 746, 667, 989, 33, 762, 121, 943, 9, 314, 551, 472, 18, 954, 17, 56, 119]
-------------------------
Solution for test case: 02StronglyCorrelated/n00050
Run time: 0.11967992782592773 sec
Capacity: 13327 
Total value: 16627
Total weight: 13327
Number of items: 33 
Packed items: [2, 3, 4, 5, 6, 8, 10, 12, 13, 14, 16, 17, 19, 21, 23, 24, 27, 28, 29, 30, 31, 33, 34, 36, 39, 41, 43, 44, 45, 46, 47, 48, 49]
Packed_weights: [486, 262, 1, 663, 471, 374, 273, 730, 415, 539, 193, 554, 266, 686, 336, 94, 446, 94, 198, 635, 292, 589, 201, 361, 515, 698, 977, 29, 362, 602, 305, 590, 90]
-------------------------
Solution for test case: 02StronglyCorrelated/n00100
Run time: 0.11120843887329102 sec
Capacity: 25372 
Total value: 32272
Total weight: 25372
Number of items: 69 
Packed items: [2, 3, 4, 5, 6, 8, 10, 13, 14, 15, 16, 17, 19, 23, 24, 27, 28, 29, 30, 31, 33, 34, 35, 36, 39, 40, 44, 45, 46, 47, 48, 49, 51, 52, 53, 54, 55, 56, 57, 58, 60, 61, 63, 64, 65, 66, 67, 68, 69, 70, 72, 73, 75, 77, 80, 82, 85, 86, 87, 88, 89, 91, 92, 94, 95, 96, 97, 98, 99]
Packed_weights: [486, 262, 1, 663, 471, 374, 273, 415, 539, 683, 193, 554, 266, 336, 94, 446, 94, 198, 635, 292, 589, 201, 656, 361, 515, 645, 29, 362, 602, 305, 590, 90, 526, 117, 663, 313, 197, 484, 139, 210, 699, 13, 18, 333, 905, 621, 307, 378, 390, 127, 54, 423, 398, 246, 671, 448, 517, 471, 706, 410, 86, 266, 488, 173, 22, 124, 590, 362, 257]
-------------------------
Solution for test case: 02StronglyCorrelated/n00200
Run time: 180.06756329536438 sec
Capacity: 51353 
Total value: 65253
Total weight: 51353
Number of items: 139 
Packed items: [2, 3, 4, 5, 6, 8, 10, 12, 13, 14, 15, 16, 17, 19, 21, 23, 24, 27, 28, 29, 30, 31, 34, 35, 36, 39, 40, 41, 44, 45, 46, 47, 49, 51, 52, 53, 54, 55, 56, 57, 58, 60, 61, 63, 64, 66, 67, 68, 69, 70, 72, 73, 75, 77, 80, 82, 85, 86, 87, 88, 89, 90, 91, 92, 94, 95, 96, 97, 98, 99, 100, 102, 103, 105, 106, 107, 108, 109, 110, 111, 113, 114, 117, 118, 119, 120, 121, 124, 125, 126, 127, 128, 130, 131, 132, 135, 136, 138, 139, 142, 143, 144, 145, 146, 147, 148, 149, 150, 151, 152, 153, 154, 156, 157, 158, 160, 161, 165, 166, 168, 171, 173, 174, 175, 176, 179, 180, 181, 183, 185, 187, 188, 190, 191, 192, 193, 194, 195, 199]
Packed_weights: [486, 262, 1, 663, 471, 374, 273, 730, 415, 539, 683, 193, 554, 266, 686, 336, 94, 446, 94, 198, 635, 292, 201, 656, 361, 515, 645, 698, 29, 362, 602, 305, 90, 526, 117, 663, 313, 197, 484, 139, 210, 699, 13, 18, 333, 621, 307, 378, 390, 127, 54, 423, 398, 246, 671, 448, 517, 471, 706, 410, 86, 747, 266, 488, 173, 22, 124, 590, 362, 257, 452, 255, 411, 613, 268, 475, 479, 143, 378, 306, 324, 660, 377, 604, 321, 399, 488, 291, 7, 450, 58, 31, 113, 719, 363, 63, 193, 614, 423, 492, 469, 101, 362, 145, 626, 607, 145, 629, 98, 106, 646, 463, 630, 702, 128, 84, 619, 452, 694, 138, 441, 448, 277, 713, 64, 287, 940, 84, 280, 431, 32, 86, 639, 536, 33, 174, 371, 53, 701]
-------------------------
Solution for test case: 02StronglyCorrelated/n00500
Run time: 200.763277053833 sec
Capacity: 124921 
Total value: 160121
Total weight: 124921
Number of items: 352 
Packed items: [2, 3, 4, 5, 6, 8, 10, 13, 14, 15, 16, 17, 19, 21, 23, 24, 27, 28, 29, 30, 31, 33, 34, 35, 36, 39, 40, 41, 44, 45, 46, 47, 48, 49, 51, 52, 53, 54, 55, 56, 57, 58, 61, 63, 64, 66, 67, 68, 69, 70, 72, 73, 75, 77, 80, 82, 85, 86, 87, 88, 89, 91, 92, 94, 95, 96, 97, 98, 99, 100, 102, 103, 105, 106, 107, 108, 109, 110, 111, 113, 114, 117, 118, 119, 120, 121, 124, 125, 126, 127, 128, 130, 131, 132, 135, 136, 138, 139, 142, 143, 144, 145, 146, 147, 148, 149, 150, 151, 152, 153, 154, 156, 157, 158, 160, 161, 165, 166, 168, 171, 173, 174, 175, 176, 179, 181, 183, 185, 187, 188, 190, 191, 192, 193, 194, 195, 198, 200, 201, 203, 204, 205, 206, 207, 208, 209, 210, 211, 212, 213, 214, 215, 216, 217, 218, 219, 221, 222, 223, 224, 225, 227, 228, 229, 230, 231, 232, 234, 235, 236, 237, 239, 240, 242, 243, 244, 245, 246, 248, 249, 250, 251, 252, 253, 255, 256, 258, 259, 262, 263, 264, 265, 267, 270, 272, 273, 274, 275, 279, 280, 281, 285, 286, 288, 289, 290, 291, 292, 294, 297, 299, 300, 301, 302, 303, 305, 306, 307, 308, 309, 310, 312, 313, 314, 315, 316, 317, 318, 320, 321, 323, 326, 327, 328, 329, 331, 332, 334, 337, 341, 342, 343, 344, 346, 347, 348, 349, 350, 353, 354, 355, 358, 360, 362, 363, 366, 368, 370, 371, 372, 373, 374, 375, 376, 377, 378, 380, 382, 383, 384, 385, 388, 389, 390, 393, 394, 395, 396, 398, 401, 403, 404, 406, 408, 409, 410, 412, 413, 414, 416, 418, 419, 420, 421, 422, 423, 425, 426, 427, 430, 431, 432, 433, 434, 438, 439, 440, 441, 442, 444, 446, 447, 449, 450, 451, 453, 454, 455, 456, 457, 458, 459, 460, 461, 463, 465, 467, 468, 470, 471, 472, 474, 475, 476, 477, 478, 479, 480, 481, 482, 483, 484, 485, 487, 488, 490, 491, 493, 494, 495, 497, 499]
Packed_weights: [486, 262, 1, 663, 471, 374, 273, 415, 539, 683, 193, 554, 266, 686, 336, 94, 446, 94, 198, 635, 292, 589, 201, 656, 361, 515, 645, 698, 29, 362, 602, 305, 590, 90, 526, 117, 663, 313, 197, 484, 139, 210, 13, 18, 333, 621, 307, 378, 390, 127, 54, 423, 398, 246, 671, 448, 517, 471, 706, 410, 86, 266, 488, 173, 22, 124, 590, 362, 257, 452, 255, 411, 613, 268, 475, 479, 143, 378, 306, 324, 660, 377, 604, 321, 399, 488, 291, 7, 450, 58, 31, 113, 719, 363, 63, 193, 614, 423, 492, 469, 101, 362, 145, 626, 607, 145, 629, 98, 106, 646, 463, 630, 702, 128, 84, 619, 452, 694, 138, 441, 448, 277, 713, 64, 287, 84, 280, 431, 32, 86, 639, 536, 33, 174, 371, 53, 950, 344, 78, 115, 548, 465, 495, 76, 74, 521, 31, 526, 151, 282, 152, 569, 389, 224, 222, 565, 420, 164, 317, 241, 573, 569, 189, 326, 382, 441, 398, 552, 663, 717, 646, 373, 667, 165, 626, 385, 62, 40, 115, 712, 101, 368, 33, 543, 226, 566, 294, 472, 169, 662, 121, 113, 51, 676, 651, 288, 444, 203, 214, 593, 255, 709, 684, 94, 596, 33, 368, 118, 29, 436, 52, 140, 10, 69, 3, 88, 591, 274, 133, 420, 182, 384, 594, 564, 627, 481, 271, 137, 193, 449, 577, 514, 120, 593, 474, 531, 695, 471, 155, 338, 252, 133, 371, 363, 6, 305, 83, 623, 90, 381, 126, 520, 521, 489, 365, 592, 650, 67, 132, 110, 604, 720, 156, 506, 114, 688, 87, 665, 125, 352, 159, 176, 185, 629, 458, 111, 615, 456, 572, 626, 274, 2, 30, 456, 62, 275, 385, 624, 102, 374, 148, 668, 470, 405, 20, 532, 104, 446, 13, 679, 481, 71, 122, 706, 438, 256, 542, 346, 545, 453, 719, 46, 662, 623, 4, 496, 537, 171, 36, 14, 210, 305, 155, 59, 703, 218, 595, 91, 358, 185, 184, 221, 385, 547, 360, 656, 88, 430, 585, 619, 609, 270, 639, 483, 644, 253, 266, 301, 427, 371, 546, 163]
-------------------------